32
31 1 32 46 13 86 13 50 52 12 37 16 40 63 14 71 98 39 59 59 84 35 9 85 95 55 93 35 84 77 27 74 
54 65 59 92 54 29 11 84 98 12 1 4 86 28 82 66 85 61 96 65 64 29 32 48 24 75 59 56 32 66 21 98 
53 12 99 97 54 90 45 28 14 73 67 36 84 13 84 40 81 83 84 40 86 43 64 95 65 99 34 20 82 26 96 93 
25 77 23 87 57 75 66 93 54 49 52 15 98 60 7 68 1 12 62 34 29 40 53 72 49 73 44 78 34 5 73 40 
36 40 74 6 67 61 34 85 25 48 95 57 86 92 13 40 73 17 85 28 100 59 66 60 12 50 89 13 73 7 49 93 
22 61 86 87 25 86 22 61 11 78 96 3 85 70 56 41 42 18 54 78 87 19 57 52 20 51 21 75 17 38 70 15 
20 82 61 72 74 28 100 67 48 10 2 50 6 33 89 73 24 23 74 69 75 16 26 84 52 37 38 59 6 63 94 51 
67 33 92 3 79 71 21 71 92 21 37 45 81 1 78 92 55 27 93 32 6 31 55 64 83 96 28 96 84 35 18 82 
64 68 2 74 7 31 27 29 43 71 56 92 97 29 89 56 55 72 9 30 1 47 50 13 33 82 85 63 7 64 18 76 
22 60 74 18 71 58 17 86 48 62 79 24 39 89 30 99 28 15 76 53 21 89 76 71 94 9 37 58 43 81 69 34 
62 8 26 30 92 11 88 90 91 67 11 9 91 85 25 89 98 92 92 66 25 39 10 29 87 94 14 92 73 27 26 65 
92 68 80 100 32 75 19 54 46 28 37 100 61 21 81 33 88 25 100 48 78 95 10 62 2 72 15 100 74 50 7 84 
34 41 26 90 70 34 23 71 36 91 79 7 10 23 38 9 50 14 13 94 25 30 14 3 2 48 27 75 12 82 86 19 
80 1 84 23 48 71 30 91 72 31 74 15 66 34 76 65 76 100 53 96 19 52 36 48 93 99 73 93 11 41 4 64 
53 97 27 84 86 44 95 41 43 60 52 83 21 60 6 72 45 6 96 17 23 3 36 19 33 6 33 90 79 10 68 17 
25 52 80 47 9 27 64 77 90 23 25 100 85 68 84 79 55 1 63 95 56 68 82 65 12 48 72 86 57 56 21 80 
58 83 66 77 29 84 33 100 79 20 28 15 19 88 16 15 18 13 96 77 17 80 15 65 88 31 87 78 12 95 59 93 
77 9 52 41 97 94 55 1 65 22 9 21 12 97 83 34 37 91 20 8 12 51 36 52 19 71 45 50 6 39 94 84 
50 18 75 34 4 12 62 63 92 85 8 95 48 88 40 18 46 87 37 5 86 86 81 66 86 60 98 41 47 88 21 56 
5 67 75 71 25 33 38 31 16 1 44 8 64 87 89 60 4 39 87 56 43 67 47 93 31 68 25 51 24 49 24 56 
86 91 44 9 72 40 90 26 8 33 58 14 65 87 3 77 21 12 68 50 68 73 21 25 59 51 4 64 3 30 97 94 
11 64 24 14 37 20 15 15 74 50 48 44 74 62 73 89 32 13 49 21 42 16 17 49 83 100 16 58 38 21 73 69 
52 9 33 68 97 39 68 82 20 52 100 27 46 52 41 52 22 68 83 51 97 29 3 16 38 9 92 11 50 76 65 15 
50 11 87 62 18 2 56 85 29 36 100 79 21 56 91 39 35 42 16 19 89 43 55 54 86 12 62 67 49 96 51 16 
9 10 79 98 90 17 34 44 9 93 86 86 28 16 9 17 44 73 59 96 34 18 31 39 7 40 29 51 68 35 2 43 
35 48 17 17 96 85 26 94 52 50 21 11 44 28 1 94 7 24 30 43 27 27 65 21 35 9 47 90 67 14 35 84 
9 71 51 68 67 41 80 39 77 87 30 81 99 11 56 51 87 11 7 87 29 21 68 21 16 32 19 13 7 40 61 50 
68 83 17 54 35 54 12 2 24 59 7 97 28 11 38 43 27 66 81 77 39 49 89 23 16 42 95 54 36 88 70 93 
11 34 60 33 99 60 98 36 22 2 96 29 37 36 25 31 48 15 85 35 88 10 86 32 67 4 7 43 58 62 9 23 
81 59 50 61 55 97 87 11 52 84 61 79 33 78 46 97 18 63 42 100 96 34 54 12 42 32 49 31 45 77 70 60 
41 80 73 99 2 73 80 38 34 79 25 17 36 96 77 38 78 16 16 62 18 89 27 84 62 40 29 68 99 24 61 47 
32 57 77 53 26 60 56 55 75 13 38 36 54 53 93 29 56 97 47 53 2 38 84 30 14 51 95 26 74 86 85 47 
31 1 32 46 13 86 13 50 52 12 37 16 40 63 14 71 98 39 59 59 84 35 9 85 95 55 93 35 84 77 27 74 
54 65 59 92 54 29 11 84 98 12 1 4 86 28 82 66 85 61 96 65 64 29 32 48 24 75 59 56 32 66 21 98 
53 12 99 97 54 90 45 28 14 73 67 36 84 13 84 40 81 83 84 40 86 43 64 95 65 99 34 20 82 26 96 93 
25 77 23 87 57 75 66 93 54 49 52 15 98 60 7 68 1 12 62 34 29 40 53 72 49 73 44 78 34 5 73 40 
36 40 74 6 67 61 34 85 25 48 95 57 86 92 13 40 73 17 85 28 100 59 66 60 12 50 89 13 73 7 49 93 
22 61 86 87 25 86 22 61 11 78 96 3 85 70 56 41 42 18 54 78 87 19 57 52 20 51 21 75 17 38 70 15 
20 82 61 72 74 28 100 67 48 10 2 50 6 33 89 73 24 23 74 69 75 16 26 84 52 37 38 59 6 63 94 51 
67 33 92 3 79 71 21 71 92 21 37 45 81 1 78 92 55 27 93 32 6 31 55 64 83 96 28 96 84 35 18 82 
64 68 2 74 7 31 27 29 43 71 56 92 97 29 89 56 55 72 9 30 1 47 50 13 33 82 85 63 7 64 18 76 
22 60 74 18 71 58 17 86 48 62 79 24 39 89 30 99 28 15 76 53 21 89 76 71 94 9 37 58 43 81 69 34 
62 8 26 30 92 11 88 90 91 67 11 9 91 85 25 89 98 92 92 66 25 39 10 29 87 94 14 92 73 27 26 65 
92 68 80 100 32 75 19 54 46 28 37 100 61 21 81 33 88 25 100 48 78 95 10 62 2 72 15 100 74 50 7 84 
34 41 26 90 70 34 23 71 36 91 79 7 10 23 38 9 50 14 13 94 25 30 14 3 2 48 27 75 12 82 86 19 
80 1 84 23 48 71 30 91 72 31 74 15 66 34 76 65 76 100 53 96 19 52 36 48 93 99 73 93 11 41 4 64 
53 97 27 84 86 44 95 41 43 60 52 83 21 60 6 72 45 6 96 17 23 3 36 19 33 6 33 90 79 10 68 17 
25 52 80 47 9 27 64 77 90 23 25 100 85 68 84 79 55 1 63 95 56 68 82 65 12 48 72 86 57 56 21 80 
58 83 66 77 29 84 33 100 79 20 28 15 19 88 16 15 18 13 96 77 17 80 15 65 88 31 87 78 12 95 59 93 
77 9 52 41 97 94 55 1 65 22 9 21 12 97 83 34 37 91 20 8 12 51 36 52 19 71 45 50 6 39 94 84 
50 18 75 34 4 12 62 63 92 85 8 95 48 88 40 18 46 87 37 5 86 86 81 66 86 60 98 41 47 88 21 56 
5 67 75 71 25 33 38 31 16 1 44 8 64 87 89 60 4 39 87 56 43 67 47 93 31 68 25 51 24 49 24 56 
86 91 44 9 72 40 90 26 8 33 58 14 65 87 3 77 21 12 68 50 68 73 21 25 59 51 4 64 3 30 97 94 
11 64 24 14 37 20 15 15 74 50 48 44 74 62 73 89 32 13 49 21 42 16 17 49 83 100 16 58 38 21 73 69 
52 9 33 68 97 39 68 82 20 52 100 27 46 52 41 52 22 68 83 51 97 29 3 16 38 9 92 11 50 76 65 15 
50 11 87 62 18 2 56 85 29 36 100 79 21 56 91 39 35 42 16 19 89 43 55 54 86 12 62 67 49 96 51 16 
9 10 79 98 90 17 34 44 9 93 86 86 28 16 9 17 44 73 59 96 34 18 31 39 7 40 29 51 68 35 2 43 
35 48 17 17 96 85 26 94 52 50 21 11 44 28 1 94 7 24 30 43 27 27 65 21 35 9 47 90 67 14 35 84 
9 71 51 68 67 41 80 39 77 87 30 81 99 11 56 51 87 11 7 87 29 21 68 21 16 32 19 13 7 40 61 50 
68 83 17 54 35 54 12 2 24 59 7 97 28 11 38 43 27 66 81 77 39 49 89 23 16 42 95 54 36 88 70 93 
11 34 60 33 99 60 98 36 22 2 96 29 37 36 25 31 48 15 85 35 88 10 86 32 67 4 7 43 58 62 9 23 
81 59 50 61 55 97 87 11 52 84 61 79 33 78 46 97 18 63 42 100 96 34 54 12 42 32 49 31 45 77 70 60 
41 80 73 99 2 73 80 38 34 79 25 17 36 96 77 38 78 16 16 62 18 89 27 84 62 40 29 68 99 24 61 47 
32 57 77 53 26 60 56 55 75 13 38 36 54 53 93 29 56 97 47 53 2 38 84 30 14 51 95 26 74 86 85 47